CHROM	POS	ID	TYPE	EVENTLENGTH	TRANSITION	FS	MQ	MQRankSum	ReadPosRankSum	QD	SOR	C_Father.GQ	C_Father.DP	C_Father.AF	Chinese.GQ	Chinese.DP	Chinese.AF	samplename.GQ	samplename.DP	samplename.AF
chr12	60065711	rs370142379	SNP	0	1	0.000	56.99	NA	NA	25.62	0.804	60	68	0.00	99	93	1.00	48	45	0.00
chr12	60065726	rs367741616	SNP	0	1	0.000	56.19	NA	NA	31.51	0.747	60	68	0.00	99	74	1.00	48	45	0.00
chr14	56821860	rs60701324	INDEL	2	-1	0.000	55.05	NA	NA	28.49	0.985	35	127	0.00	99	99	1.00	57	71	0.00
chr17	3287233	rs60677346	INDEL	-55	-1	0.000	57.89	NA	NA	30.17	1.075	45	39	0.00	88	41	1.00	42	36	0.00
chr1	9176309	.	INDEL	1	-1	0.000	51.94	NA	NA	31.18	0.906	60	145	0.00	22	29	1.00	60	97	0.00
chr21	18772488	.	INDEL	22	-1	0.000	42.51	NA	NA	32.35	3.611	39	45	0.00	26	12	1.00	39	42	0.00
chr3	95724183	.	INDEL	30	-1	0.000	55.10	NA	NA	24.92	1.154	60	117	0.00	61	45	1.00	60	64	0.00
chr3	145220392	.	INDEL	-3	-1	0.000	58.35	NA	NA	25.79	0.693	60	102	0.00	35	23	1.00	60	60	0.00
chr3	145220443	.	INDEL	-6	-1	0.000	55.44	NA	NA	28.04	0.818	60	68	0.00	32	28	1.00	41	41	0.00
chr3	145220453	.	INDEL	3	-1	0.000	54.98	NA	NA	30.90	0.818	60	68	0.00	30	28	1.00	60	42	0.00
chr3	145220455	.	INDEL	5	-1	0.000	54.85	NA	NA	27.87	0.818	60	69	0.00	29	28	1.00	60	45	0.00
chr4	86795911	.	INDEL	-56	-1	0.000	58.69	NA	NA	32.21	3.365	40	43	0.00	86	42	1.00	21	30	0.00
chr4	172578354	.	INDEL	2	-1	0.000	58.75	NA	NA	29.21	1.609	41	54	0.00	90	46	1.00	54	47	0.00
chr4	172578359	.	INDEL	2	-1	0.000	58.70	NA	NA	31.08	1.609	41	54	0.00	89	46	1.00	54	47	0.00
chr4	172578367	.	INDEL	-8	-1	0.000	58.59	NA	NA	26.79	1.609	41	54	0.00	87	46	1.00	54	47	0.00
chr5	542349	.	INDEL	17	-1	0.000	57.16	-6.920e-01	0.904	32.62	0.804	60	52	0.00	40	41	0.927	54	54	0.00
chr5	1307434	rs201770763	INDEL	2	-1	0.000	58.14	NA	NA	27.23	0.833	60	58	0.00	99	105	1.00	47	54	0.00
chr5	108689441	.	INDEL	34	-1	0.000	58.89	NA	NA	31.34	0.925	51	91	0.00	99	65	1.00	39	55	0.00
chr8	20493198	rs71222163	INDEL	-26	-1	0.000	58.38	NA	NA	27.80	0.784	60	71	0.00	80	44	1.00	39	38	0.00
chr8	26413745	.	INDEL	-1	-1	0.000	46.34	NA	NA	25.95	0.756	39	42	0.00	60	40	1.00	44	40	0.00
chr8	116104452	.	INDEL	-54	-1	0.000	59.23	NA	NA	29.94	0.818	60	53	0.00	54	32	1.00	39	38	0.00
chr8	143303079	.	INDEL	-7	-1	0.000	48.80	NA	NA	28.20	1.209	60	68	0.00	48	36	1.00	39	59	0.00
chr8	143303105	.	SNP	0	1	0.000	48.73	NA	NA	27.71	1.329	60	60	0.00	54	38	1.00	60	65	0.00
chr9	37683820	.	INDEL	7	-1	0.000	49.95	NA	NA	33.96	0.984	21	33	0.00	99	76	1.00	33	36	0.00
chr9	126090050	.	INDEL	-40	-1	0.000	60.00	NA	NA	25.33	1.697	48	37	0.00	21	26	1.00	39	39	0.00
