CHROM	POS	ID	TYPE	TRANSITION	QUAL	FS	MQ	MQRankSum	ReadPosRankSum	BaseQRankSum	QD	SOR	C_Father.GQ	C_Father.DP	C_Father.AF	Chinese.GQ	Chinese.DP	Chinese.AF	samplename.GQ	samplename.DP	samplename.AF
chr10	25488053	rs777671478	INDEL	-1	121.25	7.066	59.80	-2.237e+00	-1.113e+00	1.99	3.19	2.303	39	41	0.00	70	38	0.158	42	39	0.00
chr10	38890323	rs1209620226	INDEL	-1	96.25	23.384	42.23	-3.173e+00	1.26	-2.153e+00	0.80	4.339	60	131	0.00	45	121	0.116	60	74	0.00
chr10	39153646	rs1409621101	INDEL	-1	451.25	23.332	50.69	-1.054e+01	1.41	-2.723e+00	5.01	2.303	47	244	0.00	99	122	0.189	39	117	0.00
chr10	42610073	rs928798487	INDEL	-1	356.25	11.075	57.04	-9.328e+00	-2.468e+00	-2.110e+00	3.46	2.368	40	92	0.00	99	103	0.146	60	72	0.00
chr10	42623728	.	INDEL	-1	103.25	6.252	35.11	-1.424e+00	-2.000e-03	-1.247e+00	0.47	0.282	60	203	0.00	52	220	0.091	60	117	0.00
chr10	59611402	rs1332751743	INDEL	-1	306.25	6.862	58.94	-8.060e-01	-5.320e-01	1.14	12.76	0.401	40	55	0.00	99	24	0.458	28	40	0.00
chr10	68764234	rs1182863007	INDEL	-1	1694.25	5.062	60.00	0.00	0.534	-5.530e-01	24.55	1.455	60	57	0.00	99	69	0.623	39	36	0.00
chr10	68808788	rs72293610	INDEL	-1	3462.89	85.014	59.93	0.00	-9.830e-01	-1.700e+00	19.45	0.494	62	73	0.901	46	56	0.732	39	51	0.902
chr10	68971026	rs1382820417	INDEL	-1	380.25	23.825	60.00	0.00	0.510	2.20	6.91	4.047	59	45	0.00	99	55	0.382	21	33	0.00
chr10	111422353	rs749739975	INDEL	-1	782.25	2.388	58.66	-2.595e+00	-3.062e+00	2.35	15.04	0.832	33	43	0.00	99	52	0.442	32	40	0.00
chr10	112415022	rs1218617583	INDEL	-1	408.25	76.380	59.78	-1.487e+00	-1.164e+00	-9.120e-01	6.48	5.992	57	46	0.00	99	63	0.302	45	44	0.00
chr10	115116077	rs377464333;rs998764425	INDEL	-1	412.25	6.637	60.00	0.00	1.71	0.873	10.05	0.760	39	43	0.00	99	41	0.463	30	32	0.00
chr10	123941288	rs1196411121	INDEL	-1	1135.25	0.884	60.00	0.00	0.087	-2.430e-01	15.55	0.563	41	38	0.00	99	73	0.438	44	40	0.00
chr10	135463129	.	INDEL	-1	671.25	6.364	57.36	-2.524e+00	0.633	0.161	6.52	0.935	60	76	0.00	99	103	0.214	60	62	0.00
chr10	135471199	rs370818297;rs757649069	INDEL	-1	478.25	27.544	35.48	-1.790e-01	2.56	2.37	2.43	2.919	60	85	0.00	99	197	0.122	60	83	0.00
chr10	135474073	.	INDEL	-1	1071.25	0.000	50.83	-3.847e+00	0.195	0.053	5.13	0.723	60	156	0.00	99	233	0.187	60	132	0.00
chr11	134363	rs1427963528	INDEL	-1	76.25	0.000	25.08	0.801	-1.717e+00	-7.870e-01	0.92	0.565	39	47	0.00	25	83	0.145	42	43	0.00
chr11	7646361	rs577862098	INDEL	-1	369.25	9.957	60.00	0.00	-1.219e+00	-1.753e+00	5.86	2.016	39	38	0.00	99	63	0.317	42	39	0.00
chr11	26165432	rs1047494686	INDEL	-1	363.25	2.088	60.00	0.00	1.36	-1.233e+00	4.22	0.614	60	63	0.00	99	86	0.244	48	40	0.00
chr11	29276192	rs202053154	INDEL	-1	324.25	1.016	60.00	0.00	1.05	-4.540e-01	4.10	0.489	60	66	0.00	99	79	0.241	42	41	0.00
chr11	39956243	rs1334843596	INDEL	-1	440.25	4.014	60.00	0.00	0.527	1.10	7.59	1.270	60	50	0.00	99	58	0.345	44	37	0.00
chr11	49350335	rs796995493	INDEL	-1	346.25	6.273	59.65	-1.269e+00	-3.220e-01	1.02	6.07	1.714	60	66	0.00	99	57	0.333	42	41	0.00
chr11	56469161	rs200222861	INDEL	-1	1301.25	1.759	59.95	-1.207e+00	-6.800e-01	0.303	14.79	0.512	60	172	0.00	99	88	0.398	48	115	0.00
chr11	72737037	rs370517191;rs531371695	INDEL	-1	728.25	16.484	60.00	0.00	-3.130e-01	0.790	15.17	1.326	60	64	0.00	99	49	0.417	39	35	0.00
chr11	85650767	rs1274360879	INDEL	-1	734.25	0.000	59.79	-8.340e-01	0.563	-1.239e+00	12.04	0.664	39	42	0.00	99	63	0.557	42	39	0.00
chr11	93439895	rs573988986	INDEL	-1	595.25	6.654	60.00	0.00	-4.440e-01	0.173	8.15	0.512	52	48	0.00	99	73	0.356	39	34	0.00
chr11	97254986	rs1372030576	INDEL	-1	564.25	7.056	60.00	0.00	0.133	0.421	9.56	0.641	60	70	0.00	99	59	0.458	39	44	0.00
chr11	104786322	rs57534883;rs398076212;rs796401446	INDEL	-1	2719.89	15.102	59.98	-4.110e-01	0.186	-6.700e-02	24.28	0.026	45	49	1.00	83	58	0.773	39	41	1.00
chr11	109764909	rs1469093832	INDEL	-1	761.25	3.942	59.84	-1.241e+00	-5.120e-01	0.019	8.01	0.689	60	62	0.00	99	97	0.368	48	41	0.00
chr11	124166650	.	INDEL	-1	2042.25	0.000	57.50	-3.376e+00	-3.228e+00	1.12	25.85	0.734	31	95	0.00	99	80	0.658	51	45	0.00
chr11	127130058	rs910209120	INDEL	-1	401.25	0.000	60.00	0.00	0.096	1.05	7.30	0.794	42	38	0.00	99	55	0.364	42	39	0.00
chr11	131370435	.	INDEL	-1	189.25	20.623	57.92	-3.301e+00	-1.188e+00	-1.719e+00	4.98	4.167	60	48	0.00	99	38	0.184	24	42	0.00
chr12	8646470	rs1289633442	INDEL	-1	520.25	8.653	60.00	0.00	1.32	-5.800e-01	7.76	1.176	60	61	0.00	99	67	0.403	60	51	0.00
chr12	10311395	rs1449821884	INDEL	-1	411.25	5.194	59.82	0.812	1.63	-1.900e-02	6.74	0.773	42	37	0.00	99	61	0.377	39	35	0.00
chr12	11201314	rs1455719929	INDEL	-1	95.25	14.723	58.54	-8.660e+00	1.47	-1.477e+00	0.95	3.054	60	79	0.00	44	100	0.090	60	66	0.00
chr12	19835624	rs1269800726	INDEL	-1	430.25	5.270	60.00	0.00	-4.890e-01	1.14	6.52	1.161	39	36	0.00	99	66	0.318	39	40	0.00
chr12	20720546	rs1432577077	INDEL	-1	548.25	4.872	60.00	0.00	1.22	0.249	7.41	1.026	60	66	0.00	99	74	0.338	44	40	0.00
chr12	20806307	rs1202384015	INDEL	-1	338.25	8.101	60.00	0.00	0.029	0.548	6.38	0.581	60	62	0.00	99	53	0.340	57	46	0.00
chr12	29950339	rs1159817008	INDEL	-1	279.25	1.052	60.00	0.00	-1.131e+00	0.034	3.93	0.941	47	45	0.00	99	71	0.254	45	43	0.00
chr12	34313161	rs1444156544	INDEL	-1	986.25	6.240	58.12	1.33	1.62	-2.233e+00	14.09	0.843	48	68	0.00	99	76	0.457	56	71	0.00
chr12	38444922	.	INDEL	-1	239.25	1.283	59.29	-3.978e+00	0.173	-1.566e+00	3.57	0.729	60	44	0.00	99	68	0.149	33	32	0.00
chr12	38470799	.	INDEL	-1	257.25	33.677	57.70	-9.738e+00	0.244	-3.404e+00	2.71	5.283	60	119	0.00	99	96	0.126	60	72	0.00
chr12	42478974	rs796092795	INDEL	-1	972.25	10.024	60.00	0.00	0.935	-2.517e+00	7.37	1.602	60	96	0.00	99	132	0.235	60	60	0.00
chr12	45191611	.	INDEL	-1	741.25	1.918	58.99	-2.727e+00	0.242	0.199	7.41	0.998	60	81	0.00	99	100	0.260	43	39	0.00
chr12	46712710	rs1275223030	INDEL	-1	424.25	2.144	53.95	-7.023e+00	-3.650e-01	0.980	5.51	0.980	60	70	0.00	99	78	0.234	60	54	0.00
chr12	79152054	rs966901537	INDEL	-1	455.25	0.000	60.00	0.00	0.702	-7.290e-01	5.36	0.776	51	38	0.00	99	85	0.271	43	39	0.00
chr12	83226122	rs202150424	INDEL	-1	376.25	7.204	59.79	-1.137e+00	1.10	-5.590e-01	6.84	1.495	39	49	0.00	99	57	0.400	21	32	0.00
chr12	92925009	rs1222835480	INDEL	-1	224.25	9.510	58.16	-9.285e+00	1.45	1.50	2.58	2.293	47	71	0.00	99	88	0.126	60	61	0.00
chr12	93794396	rs201104283;rs1416457181	INDEL	-1	256.25	8.066	42.16	-5.831e+00	-1.899e+00	1.95	4.42	1.897	60	60	0.00	99	58	0.328	30	43	0.00
chr12	96947253	rs1402438796;rs536340649	INDEL	-1	969.25	1.049	58.99	-2.525e+00	0.067	0.763	17.62	0.973	40	41	0.00	99	55	0.455	42	38	0.00
chr12	100001154	rs554551248	INDEL	-1	350.25	1.038	60.00	0.00	-2.560e-01	1.49	5.84	0.520	55	49	0.00	99	60	0.333	30	43	0.00
chr12	103321435	rs1009696965	INDEL	-1	682.25	0.000	60.00	0.00	1.34	1.81	8.64	0.719	39	33	0.00	99	79	0.392	60	47	0.00
chr12	123199966	rs67978431;rs748966922	INDEL	-1	93.25	1.778	54.12	-2.272e+00	-3.215e+00	2.68	1.70	0.302	48	37	0.00	42	55	0.109	39	35	0.00
chr12	131814738	rs374534437;rs72368533	INDEL	-1	398.25	5.780	59.92	-1.354e+00	0.017	0.330	11.38	1.863	60	80	0.00	99	35	0.514	33	82	0.00
chr13	19070601	rs200654817	INDEL	-1	268.25	5.655	43.86	-4.774e+00	-8.390e-01	1.85	2.13	1.449	60	106	0.00	99	126	0.119	60	91	0.00
chr13	19117499	rs71267830;rs879812812	INDEL	-1	113.25	1.640	30.75	-2.554e+00	0.158	-3.460e-01	3.24	1.110	51	48	0.00	62	35	0.229	21	38	0.00
chr13	27320655	rs894320562	INDEL	-1	676.25	1.122	59.71	1.00	-8.700e-02	1.26	10.25	0.489	42	41	0.00	99	66	0.485	39	38	0.00
chr13	47927012	rs199662050	INDEL	-1	494.25	4.845	60.00	0.00	0.476	-1.362e+00	6.68	0.574	45	39	0.00	99	74	0.351	42	41	0.00
chr13	54668969	rs1040563102	INDEL	-1	421.25	5.679	60.00	0.00	0.707	0.964	6.38	1.547	49	71	0.00	99	66	0.348	42	46	0.00
chr13	61676460	rs1175891374	INDEL	-1	687.25	1.787	60.00	0.00	-1.165e+00	0.898	7.39	0.933	60	63	0.00	99	93	0.344	50	43	0.00
chr13	62039276	rs996559083	INDEL	-1	353.25	3.946	60.00	0.00	0.955	-1.992e+00	5.99	1.283	60	56	0.00	99	59	0.305	42	38	0.00
chr13	63389091	rs59759420;rs796765357	INDEL	-1	523.25	0.867	60.00	0.00	1.70	0.282	6.23	0.667	45	51	0.00	99	84	0.345	32	38	0.00
chr13	63634286	rs34399778;rs1431448621	INDEL	-1	492.25	0.890	60.00	0.00	3.29	-1.692e+00	1.03	0.607	60	460	0.00	99	480	0.104	60	305	0.00
chr13	63641112	rs368883240	INDEL	-1	8709.25	2.105	59.26	-2.847e+00	1.25	-2.580e-01	28.74	0.558	60	413	0.00	99	310	0.706	60	250	0.00
chr13	71714762	rs933980370	INDEL	-1	312.25	4.034	60.00	0.00	-2.099e+00	0.813	4.96	0.915	60	58	0.00	99	63	0.270	48	42	0.00
chr13	86322937	rs1433166552	INDEL	-1	138.25	11.524	58.26	-1.526e+00	-2.047e+00	0.333	3.37	2.238	54	48	0.00	87	41	0.146	60	45	0.00
chr13	99683311	rs531193397	INDEL	-1	872.25	1.584	60.00	0.00	-5.200e-01	1.30	8.15	0.711	60	86	0.00	99	107	0.393	60	54	0.00
chr13	107918056	rs1008478478	INDEL	-1	421.25	5.801	59.75	-1.273e+00	-1.928e+00	0.734	7.39	1.655	60	45	0.00	99	57	0.368	39	38	0.00
chr13	110906099	.	INDEL	-1	716.25	3.142	59.05	-4.644e+00	-1.079e+00	0.761	7.02	1.078	60	105	0.00	99	102	0.225	60	56	0.00
chr13	114562229	rs1304435114	INDEL	-1	81.25	3.278	59.21	-7.304e+00	2.09	-1.364e+00	0.90	0.294	60	76	0.00	30	90	0.089	60	63	0.00
chr14	19088645	rs199585400	INDEL	-1	125.25	12.158	45.53	-2.831e+00	2.87	0.214	1.19	3.041	60	73	0.00	74	105	0.095	60	80	0.00
chr14	20010005	rs201899526;rs1324577499	INDEL	-1	137.25	7.335	34.07	0.611	-4.640e-01	-7.720e-01	1.93	2.556	42	34	0.00	86	71	0.113	53	44	0.00
chr14	26337220	rs71121851;rs370665110	INDEL	-1	3956.92	0.000	59.79	NA	NA	NA	28.72	0.713	48	36	1.00	24	106	0.00	99	65	1.00
chr14	26434621	rs1263629951	INDEL	-1	685.25	0.922	60.00	0.00	-1.170e-01	-1.905e+00	10.23	0.822	60	56	0.00	99	67	0.418	39	35	0.00
chr14	47513275	rs992733652	INDEL	-1	725.25	0.000	60.00	0.00	1.95	-1.387e+00	7.88	0.769	60	77	0.00	99	92	0.391	57	47	0.00
chr14	51865278	rs943541236	INDEL	-1	511.25	0.000	60.00	0.00	-5.290e-01	0.072	6.82	0.655	60	56	0.00	99	75	0.347	51	44	0.00
chr14	55550863	rs1173073284	INDEL	-1	344.25	4.731	60.00	0.00	0.918	-1.137e+00	6.26	1.625	39	33	0.00	99	55	0.291	39	36	0.00
chr14	58082074	rs899805095	INDEL	-1	318.25	3.644	59.89	0.724	0.547	1.15	4.97	0.522	60	58	0.00	99	65	0.313	42	38	0.00
chr14	70891116	rs1213034402	INDEL	-1	391.25	1.164	49.71	-3.787e+00	-9.510e-01	1.72	9.10	0.892	54	236	0.00	99	43	0.419	60	66	0.00
chr14	78828646	rs71131642;rs397731478	INDEL	-1	2253.89	2.509	60.00	0.00	0.355	-7.890e-01	21.88	1.204	36	32	1.00	99	40	0.650	33	31	1.00
chr14	106810962	rs34901554	INDEL	-1	204.25	8.512	50.51	-3.085e+00	1.62	-1.647e+00	10.75	2.245	60	58	0.00	99	19	0.316	30	33	0.00
chr14	107238201	rs1217683243	INDEL	-1	163.25	1.352	57.83	-8.510e+00	2.59	-8.860e-01	2.21	0.822	60	54	0.00	99	74	0.122	41	50	0.00
chr15	20118262	rs201839684;rs372348857	INDEL	-1	191.25	33.738	39.40	0.488	0.798	0.935	0.62	3.647	60	291	0.00	99	307	0.081	60	114	0.00
chr15	20496547	rs200371934	INDEL	-1	559.25	0.806	56.23	-5.920e-01	0.126	-1.540e-01	3.83	0.873	60	124	0.00	99	146	0.185	60	135	0.00
chr15	20559588	rs200835412;rs796430694	INDEL	-1	137.25	0.000	60.00	0.00	1.85	0.818	1.51	0.606	60	114	0.00	86	91	0.121	60	94	0.00
chr15	21914453	.	INDEL	-1	1083.67	32.613	59.42	0.00	0.545	0.813	13.89	2.222	99	112	0.00	99	91	0.577	32	35	0.00
chr15	47109025	rs1384398601	INDEL	-1	858.25	0.870	60.00	0.00	0.327	-4.100e-01	11.15	0.888	59	48	0.00	99	77	0.468	39	35	0.00
chr15	47370910	rs202112057;rs772350751	INDEL	-1	161.25	30.041	56.65	-8.562e+00	-1.567e+00	1.89	2.21	4.801	60	82	0.00	99	75	0.110	46	53	0.00
chr15	50103099	rs903096020	INDEL	-1	314.25	2.681	60.00	0.00	1.02	-6.190e-01	6.41	0.359	51	51	0.00	99	49	0.347	39	39	0.00
chr15	54572869	rs71132797;rs768361373	INDEL	-1	901.25	1.092	60.00	0.00	-8.500e-02	0.254	14.54	0.481	53	82	0.00	99	62	0.403	53	42	0.00
chr15	60808212	.	INDEL	-1	132.25	0.000	52.09	-5.350e-01	-1.885e+00	2.79	3.39	0.536	48	60	0.00	81	41	0.154	21	38	0.00
chr15	73421741	rs962448363	INDEL	-1	608.25	0.922	60.00	0.00	-1.922e+00	1.41	8.57	0.505	42	37	0.00	99	71	0.408	39	36	0.00
chr15	87112241	rs796954765	INDEL	-1	389.25	5.616	60.00	0.00	2.50	-1.022e+00	6.71	1.104	20	47	0.00	99	58	0.362	42	43	0.00
chr15	97899763	rs146570287	INDEL	-1	938.25	1.991	59.52	-2.135e+00	0.810	-5.450e-01	13.40	0.486	60	68	0.00	99	70	0.400	60	74	0.00
chr15	102287989	rs367903733	INDEL	-1	280.25	0.000	41.65	-4.322e+00	-6.000e-03	-9.520e-01	3.55	0.630	39	37	0.00	99	79	0.253	39	37	0.00
chr16	9247187	rs199838884	INDEL	-1	1251.25	3.014	60.00	0.00	0.479	-1.297e+00	13.45	0.380	60	84	0.00	99	93	0.376	21	28	0.00
chr16	16628235	rs745357707	INDEL	-1	320.25	15.905	27.00	0.00	-7.970e-01	-3.500e-02	8.01	3.250	39	37	0.00	99	40	0.250	21	29	0.00
chr16	32417093	rs377046183	INDEL	-1	181.25	0.000	45.69	-4.796e+00	-4.990e-01	-9.800e-01	1.56	0.584	60	91	0.00	99	116	0.112	40	65	0.00
chr16	32602744	rs796809492	INDEL	-1	419.25	28.049	57.57	-1.121e+01	3.15	-2.264e+00	3.30	2.803	60	94	0.00	99	127	0.142	60	118	0.00
chr16	32817024	.	INDEL	-1	135.25	0.000	58.13	-1.795e+00	-1.309e+00	0.075	0.78	0.512	45	115	0.00	84	176	0.092	60	124	0.00
chr16	33038500	rs372094768;rs762920179	INDEL	-1	79.25	3.849	29.59	-2.455e+00	-1.444e+00	-7.650e-01	1.32	1.445	43	42	0.00	28	60	0.100	42	37	0.00
chr16	33082562	rs1336657836	INDEL	-1	95.25	21.595	28.92	-3.780e+00	-2.148e+00	0.999	0.73	4.215	49	68	0.00	44	130	0.085	60	99	0.00
chr16	33936532	rs1245785702	INDEL	-1	260.25	4.176	51.69	-3.813e+00	-1.713e+00	1.38	2.48	1.107	60	78	0.00	99	105	0.124	60	71	0.00
chr16	33936560	rs113497647	INDEL	-1	842.25	3.899	53.65	-6.373e+00	-5.080e-01	1.93	6.19	1.104	60	96	0.00	99	137	0.206	60	69	0.00
chr16	52941679	rs929328348	INDEL	-1	382.25	8.622	60.00	0.00	-1.620e-01	0.00	7.65	1.830	39	35	0.00	99	50	0.360	42	36	0.00
chr16	59615167	rs1367764398	INDEL	-1	1184.25	1.757	60.00	0.00	-2.131e+00	-8.110e-01	12.21	0.941	42	35	0.00	99	97	0.340	60	53	0.00
chr16	74871878	rs56266903;rs1372308657	INDEL	-1	382.25	1.285	43.94	-2.760e+00	0.050	-7.780e-01	8.13	0.458	60	89	0.00	99	47	0.255	60	52	0.00
chr16	77261783	rs1049968877	INDEL	-1	421.25	0.000	60.00	0.00	-9.810e-01	-7.680e-01	8.78	0.737	42	39	0.00	99	48	0.396	21	30	0.00
chr16	77316279	rs542010243	INDEL	-1	342.25	9.519	60.00	0.00	1.61	0.720	4.82	1.931	41	39	0.00	99	71	0.296	39	40	0.00
chr17	7363093	rs1320422660	INDEL	-1	480.25	3.997	60.00	0.00	-4.700e-01	-2.618e+00	8.58	0.293	39	40	0.00	99	56	0.411	39	38	0.00
chr17	11090577	rs917012591	INDEL	-1	377.25	0.000	60.00	0.00	1.74	-1.043e+00	6.50	0.598	42	41	0.00	99	58	0.345	40	37	0.00
chr17	13436842	.	INDEL	-1	167.25	11.511	59.82	0.00	-1.049e+00	0.048	3.64	1.487	99	69	0.031	99	46	0.152	44	41	0.00
chr17	13439616	rs1332002899	INDEL	-1	432.25	6.583	60.00	0.00	-5.110e-01	-4.330e-01	5.54	1.166	60	56	0.00	99	78	0.308	39	37	0.00
chr17	13508377	.	INDEL	-1	102.25	8.019	59.95	0.497	-2.804e+00	1.90	2.69	2.663	43	39	0.00	51	39	0.132	30	32	0.00
chr17	20316125	rs1156992039	INDEL	-1	109.25	1.529	53.35	-4.693e+00	-2.946e+00	2.22	2.66	1.101	39	38	0.00	58	41	0.195	39	34	0.00
chr17	21513624	rs143655898	INDEL	-1	174.25	0.000	53.10	-4.691e+00	-2.235e+00	-9.990e-01	1.83	0.596	60	90	0.00	99	96	0.126	50	58	0.00
chr17	21553269	rs112545936;rs1339907429	INDEL	-1	975.25	7.893	51.24	-5.318e+00	-8.800e-02	-1.040e+00	3.77	1.160	60	166	0.00	99	276	0.208	58	139	0.00
chr17	21561676	rs1298072892;rs1412486675	INDEL	-1	140.25	9.694	49.62	-1.567e+00	0.798	1.51	1.28	2.314	60	71	0.00	89	110	0.100	60	59	0.00
chr17	69902293	rs1422949250	INDEL	-1	150.25	8.152	59.11	0.00	-2.591e+00	-1.071e+00	3.13	1.245	57	40	0.00	99	48	0.188	42	43	0.00
chr17	69902319	rs1310108061	INDEL	-1	107.25	8.303	59.46	0.00	1.70	0.906	1.73	1.237	57	40	0.00	56	62	0.145	42	43	0.00
chr17	81005667	.	INDEL	-1	570.25	0.000	47.14	-3.604e+00	1.57	-1.324e+00	7.13	0.527	60	40	0.00	99	80	0.313	30	30	0.00
chr18	15170851	rs58756382;rs769817088	INDEL	-1	221.25	1.171	55.92	-8.082e+00	-3.760e+00	2.61	2.73	0.704	60	89	0.00	99	83	0.136	60	76	0.00
chr18	42816214	rs1486184428	INDEL	-1	98.25	1.192	39.64	-3.040e+00	2.00	-7.730e-01	2.81	1.085	42	42	0.00	47	45	0.229	21	27	0.00
chr18	65159767	rs377553404	INDEL	-1	604.25	3.501	60.00	0.00	0.760	-2.920e-01	9.59	1.147	53	49	0.00	99	63	0.444	39	38	0.00
chr18	70926663	rs1174068585	INDEL	-1	604.25	2.194	59.85	0.00	-8.010e-01	0.597	8.28	0.382	60	53	0.00	99	73	0.356	45	39	0.00
chr19	8871291	.	INDEL	-1	238.01999999999998	13.519	38.15	0.977	-4.330e-01	-1.846e+00	13.22	0.665	60	57	0.00	99	34	0.722	60	98	0.00
chr19	16411204	rs1158276283	INDEL	-1	254.25	1.458	57.46	-6.257e+00	-2.978e+00	1.87	5.41	0.746	39	41	0.00	99	47	0.191	30	31	0.00
chr19	23624397	rs983069919	INDEL	-1	420.25	15.464	60.00	0.00	1.66	0.606	9.34	2.867	45	41	0.00	99	45	0.467	45	39	0.00
chr19	23648818	rs141512921	INDEL	-1	931.25	0.895	55.93	-6.721e+00	-1.208e+00	3.03	12.25	0.540	48	38	0.00	99	82	0.355	36	49	0.00
chr19	24624203	.	INDEL	-1	86.25	57.236	20.47	-2.936e+00	-1.417e+00	-3.405e+00	0.37	5.993	60	191	0.00	35	235	0.081	60	70	0.00
chr19	29963604	rs1327955417	INDEL	-1	446.25	0.000	57.03	-6.044e+00	0.764	2.56	7.69	0.534	48	45	0.00	99	58	0.241	60	58	0.00
chr19	29963676	rs1358224884	INDEL	-1	590.25	2.505	56.09	-6.031e+00	-2.757e+00	0.799	10.73	0.577	60	50	0.00	99	55	0.309	60	58	0.00
chr19	29963714	rs375387743	INDEL	-1	896.25	3.792	55.37	-4.503e+00	1.33	-1.146e+00	15.45	1.350	39	54	0.00	99	58	0.414	60	58	0.00
chr19	29963751	rs376919853;rs558668899	INDEL	-1	1296.25	3.620	56.84	-2.544e+00	0.462	-5.400e-02	20.58	1.206	60	55	0.00	99	63	0.571	39	41	0.00
chr19	48413341	rs201013111	INDEL	-1	131.25	0.000	24.51	-1.834e+00	1.01	-3.230e-01	6.91	0.148	60	68	0.00	80	19	0.263	21	37	0.00
chr19	51211133	rs200386433	INDEL	-1	349.09	0.000	60.00	NA	NA	NA	29.08	4.407	41	35	0.00	33	8	1.00	33	35	0.00
chr19	53973565	rs200025259;rs774131068	INDEL	-1	191.25	1.454	58.07	-6.501e+00	1.11	-6.770e-01	2.81	0.377	60	62	0.00	99	68	0.132	60	62	0.00
chr19	57838879	rs60475798;rs1274665581	INDEL	-1	267.25	29.728	55.14	-3.543e+00	0.248	0.463	9.54	3.019	22	33	0.00	99	40	0.286	21	32	0.00
chr1	109107	rs201432136;rs76497350	INDEL	-1	192.25	6.924	36.45	-3.042e+00	0.060	-1.280e-01	1.38	1.622	40	37	0.00	99	139	0.129	40	43	0.00
chr1	1530732	rs138191711	INDEL	-1	437.25	8.002	59.20	-1.186e+00	-9.790e-01	-5.650e-01	6.07	0.802	60	57	0.00	99	72	0.236	41	40	0.00
chr1	16972698	rs1401178800	INDEL	-1	198.25	20.649	51.65	-5.634e+00	0.586	-2.032e+00	2.31	4.255	60	73	0.00	99	86	0.174	60	62	0.00
chr1	17233515	rs372951979	INDEL	-1	193.25	1.266	58.08	-9.112e+00	-5.650e-01	-3.470e-01	2.06	0.437	60	75	0.00	99	94	0.117	60	80	0.00
chr1	17233535	rs1415190651	INDEL	-1	128.25	1.384	58.51	-8.765e+00	-2.691e+00	-2.610e-01	1.44	0.427	60	71	0.00	77	89	0.101	60	60	0.00
chr1	21753084	rs201030627	INDEL	-1	129.25	10.984	51.17	-2.918e+00	-2.674e+00	1.59	1.66	1.211	44	41	0.00	78	78	0.115	40	39	0.00
chr1	36163893	rs1306057487	INDEL	-1	290.25	3.990	60.00	0.00	1.73	0.364	7.26	1.536	39	33	0.00	99	40	0.350	21	29	0.00
chr1	60144984	rs56238250;rs796628880	INDEL	-1	687.25	0.000	60.00	0.00	0.778	1.32	9.16	0.777	60	52	0.00	99	75	0.440	45	39	0.00
chr1	60415478	rs1188031867	INDEL	-1	358.25	2.611	60.00	0.00	-4.050e-01	0.778	7.62	0.373	39	35	0.00	99	47	0.383	39	36	0.00
chr1	66393106	rs60745892;rs397951001	INDEL	-1	1752.25	5.655	59.74	1.23	-1.389e+00	-1.142e+00	20.38	0.313	60	72	0.00	99	86	0.593	42	38	0.00
chr1	68830147	rs137979156;rs1009968072	INDEL	-1	587.25	3.511	59.73	-1.430e-01	-1.070e+00	0.606	9.79	1.064	55	42	0.00	99	60	0.450	36	36	0.00
chr1	72739516	rs879077998	INDEL	-1	319.25	8.843	60.00	0.00	1.43	1.13	6.26	0.356	39	41	0.00	99	51	0.333	39	37	0.00
chr1	79112043	rs542915814	INDEL	-1	566.25	0.000	60.00	0.00	-3.520e-01	1.78	8.58	0.588	39	38	0.00	99	67	0.409	36	40	0.00
chr1	87231083	rs957172404	INDEL	-1	250.25	0.000	60.00	0.00	-8.000e-03	-8.310e-01	4.63	0.551	50	50	0.00	99	57	0.296	45	37	0.00
chr1	106606523	rs201688021	INDEL	-1	592.25	7.448	59.81	-5.070e-01	2.77	-1.360e+00	6.58	1.174	60	56	0.00	99	90	0.322	60	44	0.00
chr1	108879133	rs1223836703	INDEL	-1	677.25	0.817	60.00	0.00	0.591	-4.900e-02	7.13	0.847	39	38	0.00	99	95	0.337	60	55	0.00
chr1	113959024	rs1369671206	INDEL	-1	503.25	3.166	60.00	0.00	-1.933e+00	2.34	15.25	1.282	60	125	0.00	99	33	0.424	60	61	0.00
chr1	117155032	rs148818274;rs770537456	INDEL	-1	95.25	5.963	57.17	-6.703e+00	1.35	-6.880e-01	1.36	1.555	40	60	0.00	44	70	0.100	47	40	0.00
chr1	119469312	rs1298617310	INDEL	-1	397.25	0.000	60.00	0.00	1.33	-5.010e-01	6.41	0.796	46	43	0.00	99	62	0.306	45	40	0.00
chr1	120607458	rs368878732	INDEL	-1	107.25	19.569	30.95	-2.270e+00	0.339	0.250	1.22	3.109	60	63	0.00	56	91	0.148	39	40	0.00
chr1	142547880	rs140256816;rs374045136	INDEL	-1	409.25	1.601	54.29	-1.671e+00	0.524	-1.539e+00	3.01	0.516	60	162	0.00	99	145	0.213	60	83	0.00
chr1	142589937	rs140506606;rs71232797	INDEL	-1	166.25	1.424	47.47	-4.173e+00	-1.338e+00	1.34	1.12	0.875	50	173	0.00	99	169	0.161	60	104	0.00
chr1	142646923	rs1456752435	INDEL	-1	230.25	0.000	52.05	-2.892e+00	-9.250e-01	0.244	2.30	0.481	60	71	0.00	99	101	0.120	51	46	0.00
chr1	142689673	rs1171097528	INDEL	-1	144.25	3.553	38.51	-4.707e+00	-1.533e+00	-1.243e+00	1.59	0.761	60	95	0.00	93	99	0.110	60	42	0.00
chr1	143392852	rs201541314	INDEL	-1	279.25	5.512	45.01	-1.969e+00	-1.460e-01	0.494	4.11	0.669	60	79	0.00	99	68	0.265	52	89	0.00
chr1	143430769	rs142142648	INDEL	-1	110.25	11.624	51.59	-3.642e+00	2.45	-4.020e-01	1.47	2.945	60	122	0.00	59	75	0.120	60	72	0.00
chr1	144576580	rs112875777	INDEL	-1	146.25	17.481	54.11	-7.065e+00	-7.790e-01	0.949	2.12	3.442	60	82	0.00	95	69	0.159	39	35	0.00
chr1	149281361	rs147139304	INDEL	-1	131.25	5.539	35.17	-6.380e-01	1.01	0.860	1.14	1.566	60	85	0.00	80	115	0.148	60	51	0.00
chr1	151993515	rs1467915121	INDEL	-1	974.25	0.892	60.00	0.00	-8.540e-01	0.276	12.65	0.832	39	37	0.00	99	77	0.351	48	45	0.00
chr1	158929559	rs1264163690	INDEL	-1	699.25	0.000	60.00	0.00	0.377	-6.100e-01	8.63	0.633	40	38	0.00	99	81	0.346	39	37	0.00
chr1	166646706	.	INDEL	-1	564.25	11.856	58.04	-3.027e+00	1.04	-9.800e-01	16.60	2.833	26	36	0.00	99	36	0.441	21	27	0.00
chr1	175872559	rs1177436730	INDEL	-1	367.25	0.000	59.96	0.00	0.311	-4.930e-01	9.18	0.520	54	42	0.00	99	40	0.500	30	36	0.00
chr1	176543099	rs56884211;rs397959055;rs753420986	INDEL	-1	151.25	0.000	59.94	0.00	-2.089e+00	0.015	3.52	0.730	52	46	0.00	99	43	0.256	42	36	0.00
chr1	208819008	rs1184246864	INDEL	-1	607.25	6.852	60.00	0.00	0.653	-3.170e-01	9.49	0.645	60	54	0.00	99	64	0.422	42	42	0.00
chr1	228900701	rs968882705	INDEL	-1	658.25	8.242	60.00	0.00	-2.300e-02	-9.760e-01	9.14	1.592	39	41	0.00	99	72	0.431	45	41	0.00
chr1	230309650	rs968564463	INDEL	-1	379.25	0.000	60.00	0.00	-1.109e+00	-9.500e-02	7.74	0.798	60	52	0.00	99	49	0.408	42	36	0.00
chr1	240598156	rs1198544634	INDEL	-1	190.25	0.000	59.68	0.825	-4.920e-01	1.06	4.23	0.622	39	34	0.00	99	45	0.378	33	35	0.00
chr20	6443155	rs10534863	INDEL	-1	587.25	11.195	56.48	2.48	-1.190e-01	0.680	7.34	1.403	60	79	0.00	99	80	0.263	60	69	0.00
chr20	14864243	rs11087111	INDEL	-1	3624.89	5.691	59.91	0.00	0.299	0.430	22.24	0.309	69	62	0.968	99	65	0.662	48	36	1.00
chr20	25900164	rs138554349	INDEL	-1	332.25	9.638	49.59	-2.184e+00	0.535	2.57	1.49	1.556	60	174	0.00	99	224	0.126	60	101	0.00
chr20	25912129	rs992638153	INDEL	-1	80.25	22.088	52.53	-4.709e+00	-2.730e-01	0.863	0.56	3.424	60	128	0.00	29	143	0.119	52	105	0.00
chr20	26077447	rs1180609870	INDEL	-1	561.25	14.536	49.04	-1.712e+00	0.579	-8.660e-01	2.52	0.298	60	194	0.00	99	226	0.179	60	174	0.00
chr20	26242814	rs1344573731	INDEL	-1	131.25	1.245	56.73	-7.974e+00	-2.599e+00	-3.380e-01	1.49	0.963	60	83	0.00	80	88	0.125	60	47	0.00
chr20	26293075	rs373387373	INDEL	-1	134.25	0.767	52.30	-9.354e+00	1.67	-8.820e-01	1.15	0.820	60	63	0.00	83	137	0.094	60	57	0.00
chr20	29461470	rs747648498	INDEL	-1	206.25	26.146	53.96	-6.866e+00	-2.020e+00	2.82	1.37	2.931	60	150	0.00	99	152	0.119	60	107	0.00
chr20	29545134	rs73621621;rs910972693	INDEL	-1	85.25	0.000	52.54	-5.600e+00	1.44	-5.980e-01	1.07	0.650	46	44	0.00	34	80	0.138	39	38	0.00
chr20	29545276	rs377312975	INDEL	-1	113.25	0.000	57.84	-8.801e+00	0.753	-2.550e-01	1.43	0.666	60	63	0.00	62	79	0.101	47	44	0.00
chr20	45470132	rs376846407	INDEL	-1	314.25	2.159	59.97	0.00	1.33	1.49	4.83	0.990	58	49	0.00	99	65	0.323	40	38	0.00
chr20	59904497	rs35019609	INDEL	-1	4414.95	0.000	58.95	NA	NA	NA	24.15	0.912	99	62	1.00	36	81	0.00	81	47	1.00
chr21	9441813	.	INDEL	-1	260.25	0.658	57.33	-3.302e+00	-6.210e-01	-8.740e-01	1.07	0.621	60	221	0.00	99	245	0.148	60	175	0.00
chr21	9445274	rs531736111	INDEL	-1	352.25	2.824	57.49	-8.540e-01	0.449	-6.200e-02	0.83	0.894	60	383	0.00	99	427	0.127	60	366	0.00
chr21	9479949	rs369959456;rs753844006	INDEL	-1	434.25	16.280	46.39	-8.510e-01	-2.828e+00	0.104	1.72	2.061	60	269	0.00	99	253	0.107	60	206	0.00
chr21	9505516	rs375752693;rs779171245	INDEL	-1	1735.25	10.480	54.96	-2.477e+00	-3.300e-02	-3.650e-01	5.56	0.684	60	255	0.00	99	312	0.253	60	222	0.00
chr21	9525131	rs368869976;rs746934480	INDEL	-1	92.25	5.378	53.57	-4.070e-01	-1.330e+00	1.24	0.68	0.271	60	106	0.00	41	139	0.118	60	90	0.00
chr21	9832607	rs1357153263	INDEL	-1	384.25	4.818	58.09	2.84	-3.000e-01	-1.380e+00	1.01	1.090	60	404	0.00	99	382	0.113	60	258	0.00
chr21	9846434	.	INDEL	-1	634.25	22.173	58.82	-5.943e+00	-4.442e+00	-6.560e-01	5.07	2.284	60	290	0.00	99	125	0.240	60	179	0.00
chr21	9854127	rs375622336	INDEL	-1	361.25	7.213	58.56	0.224	-1.568e+00	-1.007e+00	1.20	1.234	60	290	0.00	99	304	0.136	60	228	0.00
chr21	9890056	rs1269040495	INDEL	-1	166.25	47.991	52.46	-1.054e+01	-2.150e+00	0.151	0.64	3.063	60	254	0.00	99	276	0.131	60	143	0.00
chr21	10122587	rs371763882;rs761555804	INDEL	-1	106.25	31.101	32.04	-3.458e+00	-7.440e-01	2.17	0.55	4.902	60	109	0.00	55	194	0.088	45	104	0.00
chr21	10140741	rs201798328	INDEL	-1	506.25	0.792	55.75	4.46	-1.248e+00	-1.072e+00	1.04	0.899	60	614	0.00	99	489	0.131	60	330	0.00
chr21	10142640	rs1225041632	INDEL	-1	158.25	0.000	27.07	-9.500e-01	1.10	0.182	0.81	0.111	60	171	0.00	99	195	0.097	60	146	0.00
chr21	10767635	rs1420749108;rs751122182	INDEL	-1	71.25	34.649	38.67	-1.563e+00	-1.059e+00	1.87	0.75	2.610	60	82	0.00	20	95	0.126	60	74	0.00
chr21	11072705	rs140138786;rs1491035238;rs374034208	INDEL	-1	95.25	13.579	55.84	2.54	-3.393e+00	-4.680e-01	0.35	0.189	60	264	0.00	44	275	0.144	60	153	0.00
chr21	11080076	rs67488306;rs869043821	INDEL	-1	1075.1	2.489	57.93	-3.042e+00	1.27	1.95	3.76	0.504	60	284	0.00	99	303	0.161	69	151	0.066
chr21	11187448	rs797019403	INDEL	-1	341.25	22.031	57.26	-5.622e+00	-6.060e-01	0.355	3.16	3.126	60	129	0.00	99	118	0.139	60	70	0.00
chr21	11187474	rs1323978484;rs1340360722	INDEL	-1	224.25	20.754	58.38	-3.199e+00	-1.048e+00	-1.820e+00	1.92	2.899	60	95	0.00	99	138	0.111	60	75	0.00
chr21	14641809	rs1321538190	INDEL	-1	92.25	3.603	50.74	-3.205e+00	-1.004e+00	0.748	2.25	1.034	47	41	0.00	41	41	0.195	39	36	0.00
chr21	14761080	rs200286132	INDEL	-1	86.25	16.035	53.60	-4.126e+00	1.22	-2.175e+00	1.08	3.682	51	53	0.00	35	80	0.113	42	40	0.00
chr21	16385672	rs1169302371	INDEL	-1	1461.25	0.000	60.00	0.00	-2.850e-01	-5.030e-01	16.61	0.743	52	40	0.00	99	88	0.625	43	40	0.00
chr21	17559882	rs138338011	INDEL	-1	3972.89	8.256	59.87	-6.690e-01	-1.793e+00	-5.350e-01	33.96	0.892	74	45	1.00	99	41	0.659	33	31	1.00
chr21	17877494	rs1375104985	INDEL	-1	725.25	5.897	60.00	0.00	-1.173e+00	0.108	8.06	1.371	60	71	0.00	99	90	0.367	44	38	0.00
chr21	19682782	rs1289470921	INDEL	-1	628.25	3.657	59.91	-1.001e+00	-1.720e-01	-2.756e+00	10.83	0.839	60	68	0.00	99	58	0.483	60	46	0.00
chr21	22983528	rs921324951	INDEL	-1	485.25	0.000	60.00	0.00	0.214	0.231	9.71	0.610	57	47	0.00	99	50	0.460	36	38	0.00
chr21	24710580	rs897543454	INDEL	-1	287.25	4.310	60.00	0.00	-1.140e-01	0.237	5.63	0.525	60	49	0.00	99	51	0.294	42	37	0.00
chr21	25622003	rs983432698	INDEL	-1	450.25	6.016	60.00	0.00	-1.216e+00	1.23	9.58	0.595	39	40	0.00	99	47	0.426	43	43	0.00
chr21	37089567	rs11301390;rs796775263	INDEL	-1	452.25	5.192	60.00	0.00	2.56	0.323	6.85	0.564	57	41	0.00	99	66	0.364	24	38	0.00
chr21	42350983	rs917224339	INDEL	-1	446.25	1.024	60.00	0.00	-1.043e+00	-1.180e+00	6.97	0.970	60	53	0.00	99	64	0.359	51	43	0.00
chr21	44207910	rs1209142149	INDEL	-1	279.25	14.239	59.50	-1.003e+00	-8.530e-01	0.264	9.97	3.538	39	48	0.00	99	28	0.464	40	40	0.00
chr21	48059570	rs564994404;rs59630153	INDEL	-1	297.25	0.000	60.00	0.00	2.22	0.396	3.81	0.745	60	59	0.00	99	78	0.295	42	45	0.00
chr22	16657459	rs370804388	INDEL	-1	122.25	8.803	32.48	-4.434e+00	-2.080e-01	1.09	2.55	0.916	49	54	0.00	71	48	0.167	39	35	0.00
chr22	16658293	.	INDEL	-1	152.25	21.267	35.33	-1.936e+00	-6.090e-01	1.04	2.31	4.407	47	54	0.00	99	66	0.121	57	46	0.00
chr22	17368099	.	INDEL	-1	407.25	1.166	43.97	-4.866e+00	1.12	-6.590e-01	4.74	0.941	47	65	0.00	99	86	0.174	60	49	0.00
chr22	18838439	rs362121;rs781036119	INDEL	-1	205.25	13.701	44.41	-2.337e+00	-1.992e+00	-8.020e-01	1.75	2.257	60	62	0.00	99	117	0.171	39	34	0.00
chr22	18929344	rs769040603	INDEL	-1	86.25	17.406	40.14	-3.152e+00	-6.370e-01	-1.871e+00	1.18	3.943	58	54	0.00	35	73	0.096	43	47	0.00
chr22	20323566	rs368522062;rs748613076	INDEL	-1	560.25	2.946	51.98	-7.738e+00	-1.452e+00	0.605	5.09	1.111	60	119	0.00	99	110	0.255	41	40	0.00
chr22	20633333	rs770978525	INDEL	-1	158.25	15.375	23.49	-6.900e-02	-1.106e+00	-2.260e-01	1.70	1.900	39	34	0.00	99	93	0.129	42	38	0.00
chr22	21483621	rs1450788030	INDEL	-1	103.25	0.000	54.17	0.196	-2.700e-02	-4.890e-01	0.64	0.636	60	98	0.00	52	166	0.130	39	52	0.00
chr22	28432387	.	INDEL	-1	1384.25	0.000	59.58	-1.717e+00	-8.660e-01	-8.980e-01	18.96	0.743	39	36	0.00	99	75	0.493	48	41	0.00
chr22	33516344	rs398036938;rs59094871	INDEL	-1	299.25	15.352	58.96	0.092	0.222	-4.200e-01	10.69	4.047	39	36	0.00	99	28	0.321	21	32	0.00
chr22	49237169	rs372498832	INDEL	-1	221.25	0.000	58.56	-3.678e+00	1.74	-2.431e+00	3.81	0.760	42	38	0.00	99	58	0.155	39	34	0.00
chr2	10727182	rs200196813	INDEL	-1	499.25	4.570	54.90	-1.184e+00	-1.300e-02	-3.690e-01	11.09	0.247	45	56	0.00	99	46	0.356	24	40	0.00
chr2	31434154	rs1397884574	INDEL	-1	671.25	3.281	60.00	0.00	-1.724e+00	-1.590e+00	9.32	1.199	60	89	0.00	99	72	0.431	60	53	0.00
chr2	41481091	rs1410026960	INDEL	-1	548.25	3.061	60.00	0.00	0.841	-1.793e+00	6.16	0.414	39	34	0.00	99	89	0.326	41	41	0.00
chr2	56611386	rs533200453	INDEL	-1	575.25	10.437	60.00	0.00	1.12	0.608	8.10	1.357	60	58	0.00	99	71	0.408	39	43	0.00
chr2	57231596	rs1241056848	INDEL	-1	392.25	0.000	60.00	0.00	-6.600e-01	-1.510e-01	5.85	0.641	54	52	0.00	99	67	0.343	36	39	0.00
chr2	59978527	rs139546762	INDEL	-1	225.25	0.000	58.57	-8.800e-02	-9.240e-01	0.700	5.63	0.512	48	37	0.00	99	40	0.200	21	39	0.00
chr2	67509295	rs879940104	INDEL	-1	524.25	0.000	60.00	0.00	1.18	-7.260e-01	11.65	0.570	46	63	0.00	99	45	0.533	21	28	0.00
chr2	81159099	rs199553392	INDEL	-1	1632.25	0.654	58.48	0.501	1.50	0.675	11.74	0.692	60	202	0.00	99	139	0.353	60	69	0.00
chr2	81383267	rs879845344	INDEL	-1	206.25	24.342	60.00	0.00	-1.515e+00	1.80	3.44	1.605	60	54	0.00	99	60	0.233	39	45	0.00
chr2	83258558	rs911832145	INDEL	-1	707.25	0.848	60.00	0.00	-2.890e-01	0.065	7.95	0.887	60	80	0.00	99	89	0.371	39	35	0.00
chr2	83594605	rs111552562	INDEL	-1	304.25	3.781	59.67	-1.556e+00	-1.400e-02	0.231	4.54	1.292	39	61	0.00	99	67	0.284	48	43	0.00
chr2	85949358	rs992788507	INDEL	-1	378.25	0.000	59.49	0.00	-8.240e-01	1.04	8.05	0.634	39	38	0.00	99	47	0.404	27	33	0.00
chr2	88187258	rs34596819	INDEL	-1	112.25	0.000	33.25	-2.815e+00	1.02	1.69	1.78	0.777	39	37	0.00	61	63	0.159	42	36	0.00
chr2	89159704	rs1191814689	INDEL	-1	439.25	0.000	60.00	0.00	0.397	-1.814e+00	7.32	0.752	60	77	0.00	99	60	0.317	39	34	0.00
chr2	91672207	rs56122121;rs760396827	INDEL	-1	107.25	4.793	31.32	1.38	-3.307e+00	3.97	1.68	1.874	60	67	0.00	56	64	0.125	45	68	0.00
chr2	91710067	rs3063280;rs71208347	INDEL	-1	87.25	0.000	44.21	-6.040e-01	0.558	-1.470e+00	3.12	0.330	48	41	0.00	36	28	0.143	45	40	0.00
chr2	91964398	.	INDEL	-1	139.25	1.932	57.08	-5.941e+00	-1.442e+00	2.29	3.76	1.371	33	40	0.00	88	37	0.162	21	35	0.00
chr2	92252181	rs374043920	INDEL	-1	375.25	5.281	44.03	-5.054e+00	-2.720e-01	0.552	1.85	0.339	60	212	0.00	99	208	0.113	60	120	0.00
chr2	95479105	rs371446365	INDEL	-1	89.25	10.982	50.60	-4.608e+00	2.56	-7.300e-02	0.88	2.046	59	93	0.00	38	102	0.088	40	60	0.00
chr2	105153647	rs970820102	INDEL	-1	652.25	6.484	60.00	0.00	0.132	-8.200e-01	9.32	1.467	39	39	0.00	99	70	0.400	39	36	0.00
chr2	125512433	rs563809914	INDEL	-1	378.25	0.000	60.00	0.00	0.117	0.533	6.41	0.730	48	47	0.00	99	59	0.339	50	41	0.00
chr2	126608581	rs376442364	INDEL	-1	328.25	1.063	60.00	0.00	0.966	0.668	5.86	0.707	51	41	0.00	99	57	0.321	33	41	0.00
chr2	132647836	rs149323370;rs750225224	INDEL	-1	225.25	26.149	52.25	-5.332e+00	1.29	-2.410e-01	2.71	2.428	45	35	0.00	99	83	0.133	27	35	0.00
chr2	132783286	rs373750964;rs767277166	INDEL	-1	234.25	3.539	54.95	-8.332e+00	1.38	-5.080e-01	2.63	1.256	46	89	0.00	99	96	0.135	60	66	0.00
chr2	132870070	rs143048477	INDEL	-1	80.25	8.720	51.28	-4.570e+00	-1.598e+00	1.10	0.93	2.368	47	83	0.00	29	86	0.093	60	61	0.00
chr2	133035133	rs143599280;rs1253878468	INDEL	-1	131.25	0.000	52.36	-1.246e+00	-7.760e-01	-8.580e-01	1.80	0.908	60	47	0.00	80	73	0.110	46	40	0.00
chr2	141788456	rs1251057624	INDEL	-1	794.25	11.863	60.00	0.00	0.913	1.06	10.59	0.973	44	40	0.00	99	75	0.440	39	39	0.00
chr2	145358917	rs1347362553	INDEL	-1	2908.83	0.000	59.17	NA	NA	NA	27.47	1.066	45	38	1.00	60	116	0.00	20	29	1.00
chr2	147350216	rs369976168;rs546071272	INDEL	-1	436.25	1.018	60.00	0.00	-6.140e-01	1.60	7.04	0.799	60	51	0.00	99	62	0.355	52	42	0.00
chr2	152015524	rs1057473220	INDEL	-1	700.25	1.827	59.81	0.809	0.101	1.10	8.34	0.495	48	39	0.00	99	84	0.381	44	40	0.00
chr2	163403363	rs72255819	INDEL	-1	572.25	0.936	60.00	0.00	-5.440e-01	0.754	8.29	0.939	45	39	0.00	99	69	0.406	21	35	0.00
chr2	164237604	rs1399792985	INDEL	-1	434.25	15.560	60.00	0.00	-1.490e-01	1.83	5.36	1.723	39	42	0.00	99	81	0.296	42	37	0.00
chr2	167608190	rs113021860	INDEL	-1	570.25	5.812	60.00	0.00	1.32	-4.790e-01	6.41	1.312	60	77	0.00	99	89	0.337	53	46	0.00
chr2	169488149	rs1334374488	INDEL	-1	83.25	4.089	60.00	0.00	-2.343e+00	0.907	1.41	1.192	60	70	0.00	32	59	0.102	42	41	0.00
chr2	185999115	rs199541751;rs79041358	INDEL	-1	3279.89	0.000	60.00	0.00	-1.414e+00	0.722	25.04	0.804	96	51	1.00	99	48	0.604	30	38	0.971
chr2	196651293	rs11333855;rs1460465222	INDEL	-1	533.25	1.263	59.96	1.25	0.179	2.17	12.12	1.092	39	36	0.00	99	44	0.591	39	37	0.00
chr2	204207275	rs10623488	INDEL	-1	795.25	1.289	58.26	-2.276e+00	-9.060e-01	1.10	21.49	0.604	52	76	0.00	99	37	0.568	51	41	0.00
chr2	209806943	rs559260455	INDEL	-1	337.25	16.694	60.00	0.00	0.570	0.423	6.25	0.804	42	40	0.00	99	54	0.370	60	48	0.00
chr2	218327226	rs113189580	INDEL	-1	360.25	4.461	60.00	0.00	-6.000e-02	1.08	8.19	1.034	59	58	0.00	99	44	0.409	42	40	0.00
chr2	220545079	rs376753478	INDEL	-1	298.25	3.552	59.70	-1.529e+00	-1.321e+00	-4.800e-02	9.32	1.426	39	41	0.00	99	32	0.281	27	39	0.00
chr2	226637889	rs535466820	INDEL	-1	409.25	5.609	60.00	0.00	1.41	0.617	7.18	1.508	57	44	0.00	99	57	0.368	42	36	0.00
chr2	236512718	rs377068203;rs564735405	INDEL	-1	298.25	1.380	59.71	0.729	0.250	-3.710e-01	5.97	1.034	43	40	0.00	99	50	0.320	30	35	0.00
chr3	10034991	rs1380507582	INDEL	-1	352.25	16.458	57.05	-9.902e+00	-2.310e-01	-6.430e-01	3.52	2.418	60	82	0.00	99	100	0.150	60	63	0.00
chr3	29934293	rs370739212;rs775043403	INDEL	-1	1094.25	2.175	60.00	0.00	-1.911e+00	0.637	18.55	0.906	42	34	0.00	99	59	0.542	39	36	0.00
chr3	55646707	rs533712700	INDEL	-1	745.25	2.734	60.00	0.00	1.43	-6.350e-01	7.38	0.426	43	40	0.00	99	101	0.366	54	43	0.00
chr3	69569259	rs1430983257	INDEL	-1	704.25	1.142	58.42	-8.610e-01	1.37	-7.440e-01	14.09	1.048	60	53	0.00	99	50	0.400	53	44	0.00
chr3	75703977	rs368000913	INDEL	-1	1501.25	7.102	55.61	0.285	-1.872e+00	0.136	9.94	1.312	60	145	0.00	99	152	0.298	60	84	0.00
chr3	75809925	rs1400936533	INDEL	-1	626.25	25.759	51.60	-6.250e+00	-8.790e-01	1.06	6.08	2.129	60	79	0.00	99	103	0.204	53	96	0.00
chr3	75828238	rs201660666	INDEL	-1	911.25	0.000	57.71	-3.669e+00	-3.020e-01	-1.430e-01	16.27	0.582	40	57	0.00	99	56	0.446	51	43	0.00
chr3	77028025	rs202143795	INDEL	-1	290.25	0.000	60.00	0.00	1.72	-1.079e+00	5.18	0.631	42	43	0.00	99	56	0.286	39	38	0.00
chr3	78926024	rs1045784915	INDEL	-1	344.25	0.000	60.00	0.00	-7.620e-01	-3.310e-01	4.47	0.711	60	67	0.00	99	77	0.286	42	40	0.00
chr3	80041455	rs1168013514	INDEL	-1	767.25	0.828	59.82	0.809	-5.440e-01	1.13	8.62	0.867	42	40	0.00	99	89	0.382	41	40	0.00
chr3	82122108	rs1008803349	INDEL	-1	420.25	2.195	59.98	0.00	2.03	0.034	7.25	0.925	48	40	0.00	99	60	0.362	45	38	0.00
chr3	83423480	rs146838946	INDEL	-1	361.25	3.360	59.98	0.663	-4.100e-01	-1.440e-01	4.52	0.847	60	51	0.00	99	80	0.288	39	38	0.00
chr3	85609796	rs1340131241	INDEL	-1	924.25	5.273	60.00	0.00	-4.210e-01	-6.340e-01	10.05	0.948	60	84	0.00	99	92	0.413	57	45	0.00
chr3	94599710	rs879727084	INDEL	-1	345.25	11.012	60.00	0.00	1.27	0.660	7.05	1.354	39	38	0.00	99	49	0.367	42	40	0.00
chr3	97793255	rs377053966	INDEL	-1	302.25	6.608	56.21	-6.306e+00	-1.936e+00	1.03	4.65	1.002	53	73	0.00	99	65	0.200	54	52	0.00
chr3	99497460	rs201120597	INDEL	-1	225.25	7.233	59.81	0.645	-3.160e-01	-1.272e+00	3.26	1.662	60	68	0.00	99	73	0.232	53	45	0.00
chr3	109763699	rs34569280;rs397877771	INDEL	-1	278.25	0.000	59.78	0.664	1.20	0.974	4.88	0.563	60	55	0.00	99	57	0.281	48	40	0.00
chr3	115078141	rs912070368	INDEL	-1	331.25	0.000	60.00	0.00	-1.493e+00	0.694	5.71	0.693	60	62	0.00	99	58	0.310	48	46	0.00
chr3	115588116	rs1352019629	INDEL	-1	133.25	6.782	59.53	0.922	1.88	0.737	4.44	0.916	42	43	0.00	82	30	0.267	60	48	0.00
chr3	115831816	rs772892018	INDEL	-1	176.25	28.145	60.00	0.00	0.706	-2.510e-01	4.01	3.592	33	38	0.00	99	44	0.273	21	34	0.00
chr3	145733178	rs143923540;rs3058997	INDEL	-1	910.25	1.178	60.00	0.00	-5.000e-01	0.399	18.58	1.012	39	39	0.00	99	49	0.490	30	43	0.00
chr3	147175032	rs780159900	INDEL	-1	182.25	0.000	60.00	0.00	2.27	1.10	4.80	0.518	39	44	0.00	99	38	0.289	30	39	0.00
chr3	168863931	rs938358308	INDEL	-1	539.25	5.380	60.00	0.00	-3.460e-01	0.324	9.46	0.274	39	38	0.00	99	58	0.421	39	37	0.00
chr3	170936316	rs1368342587	INDEL	-1	386.25	2.252	60.00	0.00	0.211	-1.276e+00	6.44	0.954	60	64	0.00	99	60	0.350	33	40	0.00
chr3	180867668	rs112679568;rs375044549;rs775910391	INDEL	-1	898.25	0.000	60.00	0.00	-1.702e+00	-8.320e-01	10.82	0.744	39	42	0.00	99	86	0.386	40	39	0.00
chr3	186522293	rs1339330548	INDEL	-1	224.25	10.146	59.44	-1.197e+00	0.765	0.627	6.23	1.677	21	34	0.00	99	36	0.389	26	35	0.00
chr3	187863992	rs1425648872	INDEL	-1	824.25	1.246	58.67	-1.136e+00	3.01	-1.212e+00	13.74	0.859	60	86	0.00	99	61	0.667	60	62	0.00
chr3	192063810	rs879722366	INDEL	-1	579.25	3.087	60.00	0.00	3.38	-5.220e-01	7.06	1.143	60	55	0.00	99	82	0.366	47	48	0.00
chr3	197845220	.	INDEL	-1	152.25	1.144	55.97	-5.501e+00	-3.120e+00	0.758	1.59	0.941	60	84	0.00	99	99	0.104	43	63	0.00
chr4	18963527	rs1481813475	INDEL	-1	735.25	7.175	60.00	0.00	2.14	-6.260e-01	8.65	0.816	39	42	0.00	99	85	0.412	44	38	0.00
chr4	29739488	rs1238125686	INDEL	-1	656.25	3.224	60.00	0.00	0.372	0.817	8.63	0.890	60	77	0.00	99	76	0.368	47	45	0.00
chr4	30188705	rs34623849;rs397948351;rs566330373	INDEL	-1	576.25	2.047	59.79	-1.150e+00	-1.049e+00	0.00	8.60	0.985	39	40	0.00	99	67	0.418	42	39	0.00
chr4	40899960	rs924943706	INDEL	-1	468.25	2.494	60.00	0.00	0.498	1.37	9.18	0.381	39	38	0.00	99	51	0.412	30	33	0.00
chr4	44180492	rs1007340802	INDEL	-1	571.25	0.936	60.00	0.00	0.047	-7.200e-01	8.05	0.844	60	50	0.00	99	71	0.394	39	40	0.00
chr4	62547990	rs1468384693	INDEL	-1	618.25	0.895	60.00	0.00	1.04	0.017	8.03	0.696	55	49	0.00	99	77	0.351	42	40	0.00
chr4	62713551	rs1375105164	INDEL	-1	192.25	11.236	56.31	0.533	0.098	0.743	7.69	1.431	60	80	0.00	99	25	0.280	20	38	0.00
chr4	63773959	rs1175786212	INDEL	-1	294.25	0.000	60.00	0.00	-1.680e+00	-1.109e+00	5.89	0.779	42	37	0.00	99	50	0.360	48	40	0.00
chr4	108773227	rs1423882698	INDEL	-1	300.25	22.934	58.95	0.592	1.29	-1.499e+00	6.98	2.087	48	39	0.00	99	43	0.395	24	35	0.00
chr4	124564619	rs142982005	INDEL	-1	348.25	0.000	60.00	0.00	0.212	-6.540e-01	4.52	0.711	60	59	0.00	99	77	0.273	39	38	0.00
chr4	125354363	rs879750902	INDEL	-1	477.25	0.000	60.00	0.00	-3.920e-01	-2.010e-01	14.04	0.573	51	41	0.00	99	34	0.382	51	40	0.00
chr4	136175521	rs1360936858	INDEL	-1	202.25	2.556	60.00	0.00	1.63	0.111	2.70	1.193	60	80	0.00	99	75	0.187	57	47	0.00
chr4	138549252	rs548140679	INDEL	-1	471.25	0.000	60.00	0.00	-7.800e-02	0.578	6.93	0.796	60	70	0.00	99	68	0.338	39	37	0.00
chr4	145149726	rs1286588230	INDEL	-1	479.25	0.000	60.00	0.00	-1.653e+00	-5.500e-02	5.71	0.663	60	59	0.00	99	84	0.321	42	40	0.00
chr4	150297622	rs1341432191	INDEL	-1	195.25	2.388	60.00	0.00	-1.200e-02	0.840	2.30	0.645	60	75	0.00	99	85	0.176	39	43	0.00
chr4	151147675	rs1343325193	INDEL	-1	513.25	0.000	60.00	0.00	-1.700e-02	-9.170e-01	9.33	0.772	45	39	0.00	99	55	0.436	39	36	0.00
chr4	151673808	rs1320810817	INDEL	-1	1727.25	0.771	60.00	0.00	1.26	0.305	18.77	0.788	60	69	0.00	99	92	0.489	60	51	0.00
chr4	163841151	rs1269695311	INDEL	-1	592.25	11.823	60.00	0.00	0.024	-6.900e-02	10.39	1.861	48	42	0.00	99	57	0.439	45	37	0.00
chr4	167712838	rs1226555595	INDEL	-1	410.25	0.000	60.00	0.00	-8.350e-01	6.000e-03	5.54	0.751	39	41	0.00	99	74	0.284	60	45	0.00
chr4	190051081	.	INDEL	-1	2749.13	0.000	59.45	0.00	0.521	-4.090e-01	32.65	0.293	49	43	0.976	45	42	0.00	35	34	1.00
chr4	190194997	rs1299029470	INDEL	-1	356.25	86.702	54.49	-1.169e+00	-5.052e+00	2.10	1.96	0.889	60	183	0.00	99	304	0.121	60	106	0.00
chr4	190801546	rs112105087	INDEL	-1	803.25	0.000	51.69	-6.421e+00	-4.330e-01	1.13	7.72	0.744	40	44	0.00	99	104	0.240	39	51	0.00
chr4	190821799	rs140638219	INDEL	-1	864.25	4.665	49.71	-5.383e+00	-6.480e-01	0.097	3.53	0.874	60	163	0.00	99	275	0.180	60	124	0.00
chr4	190842949	.	INDEL	-1	733.25	162.931	58.86	-1.151e+01	-7.700e-02	-1.261e+01	0.87	3.439	60	643	0.00	99	1377	0.088	60	461	0.00
chr4	190894849	rs138798664	INDEL	-1	188.25	23.618	53.25	-4.899e+00	0.475	0.808	1.65	3.605	60	116	0.00	99	114	0.105	60	76	0.00
chr4	190970632	rs201531231	INDEL	-1	155.25	3.794	29.50	0.125	0.306	-8.740e-01	3.11	1.561	39	44	0.00	99	50	0.140	21	29	0.00
chr4	191037332	rs375493317;rs782450462	INDEL	-1	320.25	0.980	40.11	-2.900e-01	-6.800e-01	0.613	2.21	0.726	60	145	0.00	99	145	0.117	60	73	0.00
chr5	6496774	rs139462369	INDEL	-1	1035.25	6.571	60.00	0.00	0.353	-2.120e-01	14.58	0.245	39	37	0.00	99	71	0.620	39	36	0.00
chr5	6611465	rs945059484	INDEL	-1	428.25	6.349	60.00	0.00	0.234	-2.490e-01	9.31	1.583	39	39	0.00	99	46	0.413	39	36	0.00
chr5	15192710	rs941025852	INDEL	-1	222.25	2.841	59.95	0.614	1.46	0.113	4.19	1.316	40	40	0.00	99	53	0.245	40	42	0.00
chr5	17482817	rs879924898	INDEL	-1	439.25	1.003	60.00	0.00	-4.400e-02	1.12	6.37	0.520	58	50	0.00	99	69	0.348	39	37	0.00
chr5	18621555	rs1422111354	INDEL	-1	1230.25	0.808	60.00	0.00	0.718	-7.770e-01	13.23	0.782	60	57	0.00	99	93	0.366	47	41	0.00
chr5	19894601	rs894327376	INDEL	-1	341.25	2.212	60.00	0.00	0.231	-1.220e+00	4.61	1.127	60	81	0.00	99	74	0.270	45	41	0.00
chr5	23428848	rs548274276	INDEL	-1	493.25	1.996	60.00	0.00	-2.018e+00	0.843	6.67	0.634	60	68	0.00	99	76	0.351	39	39	0.00
chr5	28073801	rs70942490;rs1320127404	INDEL	-1	1187.25	2.678	60.00	0.00	-2.436e+00	0.594	23.75	0.321	39	38	0.00	99	50	0.620	42	54	0.00
chr5	50760665	rs879533060	INDEL	-1	366.25	0.000	59.77	-1.397e+00	0.00	-4.070e-01	6.00	0.638	48	37	0.00	99	61	0.328	54	42	0.00
chr5	65969337	rs1184970195	INDEL	-1	134.78	2.066	59.70	-1.800e-01	-7.920e-01	-1.068e+00	22.46	1.402	61	16	0.00	50	7	0.833	47	21	0.00
chr5	74770643	rs755351592	INDEL	-1	281.25	7.147	59.68	0.678	-1.967e+00	2.42	5.74	0.165	60	51	0.00	99	49	0.286	41	43	0.00
chr5	79989322	rs201321944	INDEL	-1	1561.25	3.106	56.66	-6.903e+00	2.60	-2.113e+00	9.41	0.476	60	70	0.00	99	166	0.277	60	59	0.00
chr5	92316000	rs201239759;rs1003732606	INDEL	-1	366.25	10.519	59.84	0.00	-5.650e-01	-4.490e-01	7.33	0.499	59	60	0.00	99	50	0.400	52	43	0.00
chr5	100561164	rs1357807590	INDEL	-1	582.25	13.887	60.00	0.00	1.04	-1.546e+00	7.28	1.610	60	71	0.00	99	82	0.375	41	42	0.00
chr5	104002470	rs376902381	INDEL	-1	531.25	0.000	47.26	-1.881e+00	2.12	-9.140e-01	17.71	0.892	48	66	0.00	99	30	0.600	53	60	0.00
chr5	104366495	rs1313571698	INDEL	-1	708.25	3.078	60.00	0.00	0.502	-1.270e+00	8.64	0.396	60	63	0.00	99	82	0.378	59	47	0.00
chr5	104591950	rs3050839;rs1435756502	INDEL	-1	174.25	1.167	59.79	0.637	-8.690e-01	-1.650e-01	3.11	0.673	49	43	0.00	99	57	0.250	33	39	0.00
chr5	113272304	rs70976309;rs569233810	INDEL	-1	363.25	2.661	59.39	-1.686e+00	1.14	1.64	8.65	0.350	60	49	0.00	99	44	0.381	39	35	0.00
chr5	115123024	rs140343707;rs753004319	INDEL	-1	556.25	0.000	60.00	0.00	-1.361e+00	-7.920e-01	11.59	0.757	60	68	0.00	99	51	0.354	33	43	0.00
chr5	118428561	rs1474145940	INDEL	-1	1290.25	0.000	60.00	0.00	-9.230e-01	0.600	11.73	0.661	42	36	0.00	99	110	0.336	41	38	0.00
chr5	136735209	rs111976413	INDEL	-1	297.25	1.134	59.76	0.682	1.50	-4.260e-01	5.13	0.424	48	43	0.00	99	58	0.293	48	39	0.00
chr5	144350306	rs199921092	INDEL	-1	622.25	9.921	59.82	0.00	2.51	-1.803e+00	7.88	1.752	44	41	0.00	99	80	0.392	39	38	0.00
chr5	152653204	rs11316744;rs879712980	INDEL	-1	461.25	8.785	60.00	0.00	-2.250e-01	-9.400e-01	6.68	1.732	60	67	0.00	99	69	0.348	30	32	0.00
chr5	154743382	rs1260740349	INDEL	-1	497.25	2.137	60.00	0.00	-4.390e-01	1.15	7.21	0.903	60	51	0.00	99	69	0.333	47	40	0.00
chr6	1927381	rs68001163	INDEL	-1	485.25	5.879	36.00	1.64	0.776	-1.593e+00	8.37	1.802	60	130	0.00	99	58	0.293	51	64	0.00
chr6	7854612	rs1055703243	INDEL	-1	262.25	1.231	60.00	0.00	-6.450e-01	-2.020e-01	5.14	0.450	48	42	0.00	99	51	0.314	34	39	0.00
chr6	11825197	rs987961004	INDEL	-1	496.25	2.356	60.00	0.00	0.994	0.153	8.86	1.171	60	60	0.00	99	56	0.429	39	38	0.00
chr6	20112056	rs199620655	INDEL	-1	571.25	2.814	56.17	-2.971e+00	-1.799e+00	-6.570e-01	15.44	0.333	21	36	0.00	99	39	0.459	30	56	0.00
chr6	24330007	rs1410211528	INDEL	-1	605.25	0.000	60.00	0.00	0.351	0.971	6.37	0.593	60	57	0.00	99	95	0.211	39	40	0.00
chr6	32518634	rs146239579	INDEL	-1	208.13	0.000	42.00	NA	NA	NA	28.16	1.981	60	77	0.00	45	5	1.00	30	31	0.00
chr6	51011269	rs944822787	INDEL	-1	737.25	10.821	60.00	0.00	-3.680e-01	-3.980e-01	11.34	1.458	60	79	0.00	99	65	0.508	55	46	0.00
chr6	57403175	rs148048318;rs386407219;rs386419144	INDEL	-1	152.25	3.553	60.00	0.00	-7.910e-01	1.23	0.79	0.414	60	163	0.00	99	202	0.124	60	119	0.00
chr6	58474626	rs1217392879	INDEL	-1	696.25	3.241	59.77	-1.950e-01	0.027	0.246	9.41	1.207	60	67	0.00	99	74	0.419	46	41	0.00
chr6	75501986	rs1331946881	INDEL	-1	657.25	0.893	60.00	0.00	0.763	0.438	8.43	0.504	48	46	0.00	99	78	0.372	44	46	0.00
chr6	89691226	rs67435612;rs541082759;rs542828793;rs71712614	INDEL	-1	395.25	0.000	59.28	-1.067e+00	-5.170e-01	0.398	15.81	0.892	60	53	0.00	99	25	0.480	39	34	0.00
chr6	92020935	rs5878186;rs397703284;rs397821669;rs869082887	INDEL	-1	4819.89	5.867	60.00	0.00	0.093	0.735	25.91	0.247	99	81	1.00	99	63	0.794	66	42	1.00
chr6	94885729	rs57705911;rs1319259829	INDEL	-1	410.25	7.467	59.87	0.800	0.455	0.991	7.20	1.465	60	52	0.00	99	57	0.368	44	42	0.00
chr6	94904101	rs35280484;rs1009700848	INDEL	-1	477.25	5.223	60.00	0.00	-8.000e-03	0.825	7.82	0.899	49	40	0.00	99	61	0.393	39	39	0.00
chr6	97942373	rs200365916	INDEL	-1	430.25	1.979	59.71	0.721	3.39	0.285	5.38	1.022	53	51	0.00	99	80	0.325	21	34	0.00
chr6	114791881	rs1438245391	INDEL	-1	894.25	0.895	60.00	0.00	-1.950e-01	-1.870e+00	11.18	0.922	60	78	0.00	99	81	0.325	39	41	0.00
chr6	135006470	rs202002061	INDEL	-1	146.26	11.784	58.82	-3.910e-01	-1.626e+00	1.62	6.09	1.453	74	15	0.00	65	25	0.375	46	19	0.00
chr6	137820469	rs1410629883	INDEL	-1	344.25	1.065	60.00	0.00	2.03	1.81	5.64	0.644	60	70	0.00	99	61	0.311	52	47	0.00
chr6	155350611	rs1472688400	INDEL	-1	200.25	0.000	53.69	0.813	2.18	-1.982e+00	8.01	0.784	60	68	0.00	99	25	0.320	27	30	0.00
chr6	157632088	rs367628730;rs782382526	INDEL	-1	489.25	2.155	60.00	0.00	2.33	-2.797e+00	7.77	0.745	43	43	0.00	99	63	0.381	45	39	0.00
chr6	166033122	rs1333562404	INDEL	-1	291.25	4.761	59.62	0.555	-2.535e+00	1.77	4.70	0.241	60	87	0.00	99	62	0.210	60	76	0.00
chr6	166033167	.	INDEL	-1	116.25	11.863	58.06	-5.266e+00	-3.200e-01	-8.960e-01	1.29	1.281	60	78	0.00	65	90	0.133	39	49	0.00
chr7	14434291	rs56288834	INDEL	-1	4239.89	10.935	60.00	0.00	-8.370e-01	-5.580e-01	22.20	0.220	99	66	0.985	99	67	0.552	86	58	0.983
chr7	27613918	rs70994662	INDEL	-1	4232.89	0.658	60.00	0.00	0.786	-2.400e-02	21.16	0.685	99	76	0.987	99	81	0.531	69	43	1.00
chr7	28786702	rs3216232;rs796920297	INDEL	-1	214.25	1.300	59.43	0.950	0.753	-2.673e+00	4.46	1.085	39	36	0.00	99	48	0.292	24	28	0.00
chr7	52335374	rs1374347484	INDEL	-1	900.25	2.363	54.05	-1.999e+00	-1.346e+00	0.624	32.61	0.223	45	72	0.00	99	14	0.429	30	47	0.00
chr7	56274911	rs796921655	INDEL	-1	365.25	1.309	56.53	0.739	-2.350e-01	0.980	10.44	1.032	30	46	0.00	99	39	0.314	39	50	0.00
chr7	56274926	rs377231940	INDEL	-1	273.25	9.890	55.40	0.352	0.227	-7.380e-01	10.51	0.020	33	52	0.00	99	27	0.308	39	41	0.00
chr7	57677883	rs1302005327	INDEL	-1	140.25	0.000	34.27	0.372	0.751	-9.790e-01	1.34	0.450	60	68	0.00	89	105	0.114	60	63	0.00
chr7	57698565	rs748306810	INDEL	-1	139.25	4.928	51.39	-3.649e+00	-4.890e-01	0.996	1.51	0.904	60	58	0.00	88	92	0.109	30	33	0.00
chr7	57970800	rs1462613477	INDEL	-1	246.04	0.000	28.74	NA	NA	NA	30.25	1.802	60	55	0.00	42	24	1.00	60	54	0.00
chr7	61741528	rs1412394802	INDEL	-1	79.25	28.611	57.05	-9.835e+00	-1.886e+00	3.74	0.75	4.803	51	96	0.00	28	107	0.085	44	77	0.00
chr7	61743427	rs376113466;rs1248336784	INDEL	-1	2054.04	1.305	54.35	-5.377e+00	-1.077e+00	-4.510e-01	8.97	0.792	60	131	0.00	99	355	0.432	60	136	0.00
chr7	61757889	rs369996599	INDEL	-1	281.25	41.894	54.00	-8.152e+00	-3.727e+00	3.24	2.15	3.335	60	132	0.00	99	138	0.122	60	82	0.00
chr7	61794839	rs376862798	INDEL	-1	680.25	35.775	55.40	-9.991e+00	-3.583e+00	2.23	6.60	3.338	60	89	0.00	99	103	0.223	60	81	0.00
chr7	61842814	rs372582184;rs1266005335	INDEL	-1	95.25	8.793	40.42	-4.801e+00	1.44	-1.328e+00	0.70	1.954	44	155	0.00	44	137	0.088	60	92	0.00
chr7	63204141	rs367757671	INDEL	-1	668.25	2.281	48.62	-4.602e+00	-2.748e+00	2.42	11.33	1.022	48	40	0.00	99	59	0.322	36	39	0.00
chr7	65250354	rs112112077	INDEL	-1	236.25	33.283	42.20	-1.918e+00	-5.980e-01	1.89	3.47	3.226	39	36	0.00	99	68	0.147	54	45	0.00
chr7	65303994	rs201289505	INDEL	-1	183.25	1.257	58.23	-4.827e+00	0.329	0.470	2.78	0.484	33	39	0.00	99	66	0.167	27	36	0.00
chr7	65304079	rs202138197	INDEL	-1	168.25	9.687	59.57	-3.332e+00	0.308	1.01	3.66	1.466	60	62	0.00	99	46	0.152	21	31	0.00
chr7	70038758	rs1299775769	INDEL	-1	242.25	18.759	59.39	-4.060e-01	-6.840e-01	0.422	5.51	1.431	30	42	0.00	99	44	0.364	21	31	0.00
chr7	83459323	rs60113371;rs1047305171	INDEL	-1	653.25	3.321	60.00	0.00	1.22	-7.230e-01	9.20	0.368	46	36	0.00	99	71	0.437	44	40	0.00
chr7	84421173	rs897508630	INDEL	-1	531.25	12.847	60.00	0.00	-5.560e-01	0.874	7.59	1.631	60	53	0.00	99	71	0.357	43	39	0.00
chr7	87993874	.	INDEL	-1	146.25	13.293	60.00	0.00	-2.504e+00	-1.682e+00	2.15	3.373	42	52	0.00	95	68	0.118	33	35	0.00
chr7	97711057	.	INDEL	-1	1907.1	0.000	56.00	-8.030e-01	1.20	-1.183e+00	26.52	0.693	54	48	0.00	25	19	0.824	30	35	0.00
chr7	100550290	rs765973058	INDEL	-1	114.25	5.991	59.88	-2.615e+00	-1.019e+00	2.80	2.33	1.153	88	83	0.00	63	49	0.122	60	66	0.00
chr7	136407825	rs1464476865	INDEL	-1	523.25	10.283	60.00	0.00	0.035	-2.600e-02	6.30	0.466	60	79	0.00	99	83	0.313	60	58	0.00
chr7	141885461	rs879384920	INDEL	-1	405.25	2.190	60.00	0.00	0.890	1.31	6.43	1.025	45	37	0.00	99	63	0.349	42	40	0.00
chr7	142139140	rs796435647	INDEL	-1	260.25	0.000	57.18	-7.181e+00	0.918	1.38	3.47	0.550	60	62	0.00	99	75	0.147	30	38	0.00
chr7	142172994	rs1287227073	INDEL	-1	216.25	20.782	57.67	-9.131e+00	0.149	-3.059e+00	2.54	3.436	46	58	0.00	99	85	0.129	39	51	0.00
chr7	142191572	rs1269742000	INDEL	-1	176.25	21.539	60.00	0.00	-2.678e+00	1.50	2.15	3.429	60	79	0.00	99	82	0.134	60	58	0.00
chr7	142461033	rs374504446	INDEL	-1	446.25	2.320	56.71	-8.595e+00	-4.000e-01	0.394	5.51	0.597	60	62	0.00	99	82	0.198	45	49	0.00
chr7	142472454	rs1297974987	INDEL	-1	102.25	16.552	57.91	-8.576e+00	1.12	-7.640e-01	1.36	3.774	51	44	0.00	51	75	0.107	42	38	0.00
chr7	151944028	rs376126688;rs779596005	INDEL	-1	93.25	23.471	57.52	-9.037e+00	-8.190e-01	2.93	0.91	4.635	60	88	0.00	42	102	0.098	60	75	0.00
chr7	154541159	.	INDEL	-1	144.25	4.521	50.16	0.440	-7.020e-01	0.305	2.49	0.726	60	100	0.00	93	58	0.241	60	73	0.00
chr8	2458036	.	INDEL	-1	304.25	4.455	59.71	-1.214e+00	-1.049e+00	-5.520e-01	7.08	1.338	48	42	0.00	99	44	0.372	24	35	0.00
chr8	30198743	rs1257510896	INDEL	-1	808.25	11.484	60.00	0.00	-8.290e-01	0.954	10.23	0.142	44	40	0.00	99	79	0.304	43	42	0.00
chr8	30251875	rs59169864;rs531799799	INDEL	-1	386.25	4.179	60.00	0.00	1.02	0.667	8.22	0.289	60	54	0.00	99	48	0.404	39	37	0.00
chr8	31382575	rs200116055	INDEL	-1	410.25	1.067	59.90	-1.235e+00	1.16	-6.520e-01	7.46	0.521	47	40	0.00	99	55	0.382	41	40	0.00
chr8	51030868	rs111802732	INDEL	-1	419.25	0.000	59.76	-1.346e+00	-1.457e+00	-4.000e-02	6.87	0.685	47	38	0.00	99	61	0.344	42	38	0.00
chr8	58435715	rs1265202524	INDEL	-1	239.25	0.000	40.72	-4.930e-01	-2.287e+00	-9.240e-01	23.93	0.223	21	33	0.00	99	10	0.800	48	37	0.00
chr8	62293716	rs1180255093	INDEL	-1	264.25	0.000	60.00	0.00	-1.240e+00	0.574	3.30	0.644	54	65	0.00	99	80	0.225	51	49	0.00
chr8	70160419	.	INDEL	-1	168.25	11.290	50.68	-1.830e+00	1.63	1.09	8.41	2.810	59	72	0.00	99	22	0.300	41	42	0.00
chr8	80177995	rs895373394	INDEL	-1	383.25	15.065	60.00	0.00	-1.170e-01	1.33	5.99	1.340	60	56	0.00	99	64	0.328	46	40	0.00
chr8	89045449	rs1382838808	INDEL	-1	611.25	7.452	60.00	0.00	1.41	-1.033e+00	6.57	1.164	39	36	0.00	99	93	0.312	57	44	0.00
chr8	101036185	rs1356929582	INDEL	-1	361.25	2.471	59.62	0.996	0.298	0.744	6.69	0.605	41	42	0.00	99	54	0.315	39	33	0.00
chr8	108926690	rs35990028;rs557228586;rs58777283	INDEL	-1	451.25	2.129	60.00	0.00	-2.694e+00	-1.078e+00	6.64	0.416	60	51	0.00	99	68	0.368	43	40	0.00
chr8	112977660	rs1226061247	INDEL	-1	478.25	1.993	60.00	0.00	-2.345e+00	-1.100e-02	5.90	0.778	60	60	0.00	99	81	0.296	42	38	0.00
chr8	118576286	rs1406046142	INDEL	-1	632.25	2.155	60.00	0.00	-2.900e-02	-1.036e+00	10.36	0.720	39	38	0.00	99	61	0.426	42	37	0.00
chr8	143131470	rs1388533606	INDEL	-1	182.05	0.000	46.70	NA	NA	NA	26.01	4.174	60	48	0.00	40	7	1.00	60	45	0.00
chr9	11850896	rs1214153988	INDEL	-1	522.25	6.346	60.00	0.00	2.39	-1.103e+00	6.37	1.007	60	65	0.00	99	82	0.305	60	47	0.00
chr9	23709449	rs11290732	INDEL	-1	406.25	5.272	60.00	0.00	0.825	0.615	6.25	1.402	49	41	0.00	99	65	0.338	39	39	0.00
chr9	31620797	rs1442557649	INDEL	-1	79.25	1.764	51.99	-2.369e+00	-2.240e-01	1.61	1.65	1.284	60	51	0.00	28	48	0.125	60	48	0.00
chr9	32673655	rs987163899	INDEL	-1	307.25	2.622	60.00	0.00	1.88	-5.430e-01	6.54	1.159	39	40	0.00	99	47	0.340	30	34	0.00
chr9	44899776	rs1407165195	INDEL	-1	176.25	2.599	57.58	-9.046e+00	-1.179e+00	-3.554e+00	1.49	0.947	60	61	0.00	99	118	0.102	60	57	0.00
chr9	45381739	rs1391031943	INDEL	-1	86.25	11.419	37.10	-2.631e+00	-1.413e+00	0.400	1.57	3.374	39	53	0.00	35	55	0.109	45	37	0.00
chr9	47208887	rs368838545;rs750519136	INDEL	-1	527.25	10.754	49.85	-5.494e+00	-6.710e-01	-1.642e+00	5.79	2.200	60	80	0.00	99	91	0.198	60	75	0.00
chr9	67355983	rs530877778	INDEL	-1	104.25	8.883	36.19	-9.830e-01	-2.118e+00	3.54	1.27	2.538	39	43	0.00	53	82	0.098	60	75	0.00
chr9	67844278	rs1377599493	INDEL	-1	292.14	13.796	26.13	-4.041e+00	0.395	0.892	3.61	2.383	32	84	0.00	99	83	0.148	61	47	0.00
chr9	68369486	rs11476376	INDEL	-1	638.25	2.270	36.42	-3.696e+00	0.053	0.047	2.57	0.479	60	293	0.00	99	248	0.153	60	153	0.00
chr9	68409713	rs1278583912	INDEL	-1	831.25	3.261	48.73	-5.558e+00	-1.010e+00	-1.707e+00	8.40	1.169	60	56	0.00	99	99	0.263	60	44	0.00
chr9	68456257	.	INDEL	-1	149.25	5.365	53.35	-2.404e+00	-1.000e-01	-5.420e-01	1.82	1.303	60	92	0.00	98	82	0.110	60	47	0.00
chr9	68470681	rs371497802	INDEL	-1	99.25	0.000	47.29	1.45	-1.856e+00	0.319	0.47	0.680	60	191	0.00	48	209	0.100	39	149	0.00
chr9	68473055	rs150438308	INDEL	-1	373.25	4.477	38.61	-3.267e+00	3.06	0.529	6.55	0.542	60	71	0.00	99	57	0.228	54	46	0.00
chr9	68489044	.	INDEL	-1	108.25	51.063	42.87	-2.643e+00	0.064	0.036	0.35	4.890	60	201	0.00	57	307	0.075	60	176	0.00
chr9	68497332	rs141450153	INDEL	-1	909.25	19.395	48.69	-7.909e+00	-4.350e+00	0.349	8.58	1.859	60	91	0.00	99	106	0.302	60	60	0.00
chr9	68509090	rs150860484	INDEL	-1	152.25	18.836	52.45	-5.847e+00	-2.421e+00	0.514	2.14	3.977	60	77	0.00	99	71	0.141	51	51	0.00
chr9	68734018	rs145830666	INDEL	-1	134.25	0.000	43.79	0.060	-8.390e-01	0.455	0.42	0.691	60	296	0.00	83	319	0.119	60	216	0.00
chr9	76723589	rs532571733	INDEL	-1	402.25	4.031	60.00	0.00	-4.240e-01	0.478	7.74	0.658	41	43	0.00	99	52	0.385	39	38	0.00
chr9	81831099	rs1490109300	INDEL	-1	245.25	0.000	59.70	0.810	0.239	-2.850e-01	6.81	0.748	39	41	0.00	99	36	0.361	39	40	0.00
chr9	81915992	rs1242244450	INDEL	-1	734.25	3.127	60.00	0.00	-7.600e-01	0.757	9.41	1.166	42	35	0.00	99	78	0.410	39	39	0.00
chr9	86010685	rs1258581360	INDEL	-1	226.25	1.413	59.75	-1.342e+00	-1.204e+00	-1.070e-01	5.14	1.018	57	50	0.00	99	44	0.341	23	34	0.00
chr9	90749363	rs745312776	INDEL	-1	111.25	2.086	51.55	-2.383e+00	0.00	-1.750e-01	5.56	1.270	39	33	0.00	60	20	0.200	30	32	0.00
chr9	99716992	rs199639026	INDEL	-1	92.25	10.572	46.33	-4.615e+00	-1.284e+00	-1.229e+00	1.32	0.412	41	37	0.00	41	70	0.157	27	37	0.00
chr9	107182540	rs1305753185	INDEL	-1	315.25	0.000	60.00	0.00	1.60	-2.930e-01	5.08	0.776	60	66	0.00	99	62	0.306	39	39	0.00
chr9	109135374	rs1033727537	INDEL	-1	729.25	15.384	60.00	0.00	-1.470e-01	-1.549e+00	8.10	1.185	60	68	0.00	99	90	0.367	42	38	0.00
chr9	110093970	rs3056494;rs539541320;rs5899731	INDEL	-1	3503.8900000000003	0.907	59.84	-9.560e-01	0.841	-3.240e-01	21.90	0.902	99	53	1.00	99	75	0.680	36	32	1.00
chr9	121843817	rs35530839;rs10608159;rs763660241	INDEL	-1	4037.89	21.796	60.00	0.00	-5.030e-01	-1.438e+00	27.28	0.462	99	54	1.00	99	59	0.678	46	35	1.00
chr9	128144304	rs779711924	INDEL	-1	364.25	1.740	60.00	0.00	0.826	-1.077e+00	16.56	0.925	39	34	0.00	99	22	0.455	45	38	0.00
chrX	13649577	rs769798949	INDEL	-1	464.25	6.760	60.00	0.00	0.635	-5.840e-01	6.19	1.638	48	42	0.00	99	75	0.333	57	43	0.00
chrX	20625881	rs755822408	INDEL	-1	559.25	0.911	60.00	0.00	-8.780e-01	0.367	7.56	0.829	39	34	0.00	99	74	0.351	42	38	0.00
chrX	45894895	rs200085299	INDEL	-1	734.25	5.653	59.87	0.00	0.714	-5.240e-01	8.34	0.403	42	36	0.00	99	88	0.398	41	36	0.00
chrX	48436576	.	INDEL	-1	312.25	1.151	60.00	0.00	-7.790e-01	0.085	6.12	0.916	30	39	0.00	99	51	0.333	39	37	0.00
chrX	69003105	rs1240984106	INDEL	-1	553.25	2.176	60.00	0.00	0.699	0.976	9.07	1.077	39	35	0.00	99	62	0.426	48	41	0.00
chrX	87046794	rs1354008940	INDEL	-1	446.25	3.765	59.04	-2.385e+00	-9.770e-01	0.073	7.83	1.251	33	37	0.00	99	57	0.386	46	42	0.00
chrX	90564363	rs1431622560	INDEL	-1	452.25	0.000	60.00	0.00	0.468	-6.400e-01	5.87	0.632	39	34	0.00	99	77	0.299	39	37	0.00
chrX	99851626	rs1330972486	INDEL	-1	76.25	1.585	60.00	0.00	1.70	-8.880e-01	1.29	1.061	42	39	0.00	25	59	0.119	39	38	0.00
chrX	114638528	.	INDEL	-1	674.25	0.000	56.97	-5.870e-01	-2.591e+00	0.184	20.43	0.474	54	42	0.00	99	33	0.727	57	47	0.00
chrX	127610408	rs71941965	INDEL	-1	179.25	2.668	60.00	0.00	1.03	-7.180e-01	2.64	0.307	21	33	0.00	99	68	0.206	41	39	0.00
